(kicad_pcb (version 20171130) (host pcbnew "(5.0.2)-1")

  (general
    (thickness 1.6)
    (drawings 17)
    (tracks 0)
    (zones 0)
    (modules 54)
    (nets 138)
  )

  (page A4)
  (layers
    (0 F.Cu signal)
    (31 B.Cu signal)
    (32 B.Adhes user)
    (33 F.Adhes user)
    (34 B.Paste user)
    (35 F.Paste user)
    (36 B.SilkS user)
    (37 F.SilkS user)
    (38 B.Mask user)
    (39 F.Mask user)
    (40 Dwgs.User user)
    (41 Cmts.User user)
    (42 Eco1.User user)
    (43 Eco2.User user)
    (44 Edge.Cuts user)
    (45 Margin user)
    (46 B.CrtYd user)
    (47 F.CrtYd user)
    (48 B.Fab user)
    (49 F.Fab user)
  )

  (setup
    (last_trace_width 0.25)
    (trace_clearance 0.2)
    (zone_clearance 0.508)
    (zone_45_only no)
    (trace_min 0.2)
    (segment_width 0.2)
    (edge_width 0.25)
    (via_size 0.8)
    (via_drill 0.4)
    (via_min_size 0.4)
    (via_min_drill 0.3)
    (uvia_size 0.3)
    (uvia_drill 0.1)
    (uvias_allowed no)
    (uvia_min_size 0.2)
    (uvia_min_drill 0.1)
    (pcb_text_width 0.3)
    (pcb_text_size 1.5 1.5)
    (mod_edge_width 0.15)
    (mod_text_size 1 1)
    (mod_text_width 0.15)
    (pad_size 1.524 1.524)
    (pad_drill 0.762)
    (pad_to_mask_clearance 0.051)
    (solder_mask_min_width 0.25)
    (aux_axis_origin 0 0)
    (visible_elements 7FFFFFFF)
    (pcbplotparams
      (layerselection 0x010fc_ffffffff)
      (usegerberextensions false)
      (usegerberattributes false)
      (usegerberadvancedattributes false)
      (creategerberjobfile false)
      (excludeedgelayer true)
      (linewidth 0.100000)
      (plotframeref false)
      (viasonmask false)
      (mode 1)
      (useauxorigin false)
      (hpglpennumber 1)
      (hpglpenspeed 20)
      (hpglpendiameter 15.000000)
      (psnegative false)
      (psa4output false)
      (plotreference true)
      (plotvalue true)
      (plotinvisibletext false)
      (padsonsilk false)
      (subtractmaskfromsilk false)
      (outputformat 1)
      (mirror false)
      (drillshape 1)
      (scaleselection 1)
      (outputdirectory ""))
  )

  (net 0 "")
  (net 1 GND)
  (net 2 +5V)
  (net 3 +15V)
  (net 4 +3V3)
  (net 5 "Net-(C3-Pad2)")
  (net 6 "Net-(C3-Pad1)")
  (net 7 "Net-(C4-Pad1)")
  (net 8 "Net-(C5-Pad2)")
  (net 9 "Net-(C5-Pad1)")
  (net 10 "Net-(C8-Pad1)")
  (net 11 "Net-(C8-Pad2)")
  (net 12 "Net-(C9-Pad1)")
  (net 13 "Net-(C10-Pad2)")
  (net 14 "Net-(C10-Pad1)")
  (net 15 liPo1)
  (net 16 lipo2)
  (net 17 monitorEna1)
  (net 18 monitor1)
  (net 19 "Net-(R2-Pad1)")
  (net 20 monitorEna2)
  (net 21 "Net-(R5-Pad2)")
  (net 22 monitor2)
  (net 23 "Net-(R7-Pad1)")
  (net 24 "Net-(R10-Pad2)")
  (net 25 "Net-(R11-Pad2)")
  (net 26 "Net-(R14-Pad2)")
  (net 27 liPo2)
  (net 28 scl)
  (net 29 sda)
  (net 30 header1Gpio1)
  (net 31 header1Gpio3)
  (net 32 header1Gpio2)
  (net 33 header1Gpio4)
  (net 34 header1Gpio5)
  (net 35 header1Gpio6)
  (net 36 header2Gpio6)
  (net 37 header2Gpio5)
  (net 38 header2Gpio4)
  (net 39 header2Gpio2)
  (net 40 header2Gpio3)
  (net 41 header2Gpio1)
  (net 42 header3Gpio6)
  (net 43 header3Gpio5)
  (net 44 header3Gpio4)
  (net 45 header3Gpio2)
  (net 46 header3Gpio3)
  (net 47 header3Gpio1)
  (net 48 header4Gpio1)
  (net 49 header4Gpio3)
  (net 50 header4Gpio2)
  (net 51 header4Gpio4)
  (net 52 header4Gpio5)
  (net 53 header4Gpio6)
  (net 54 header5Gpio1)
  (net 55 header5Gpio3)
  (net 56 header5Gpio2)
  (net 57 header5Gpio4)
  (net 58 header5Gpio5)
  (net 59 header5Gpio6)
  (net 60 header6Gpio6)
  (net 61 header6Gpio5)
  (net 62 header6Gpio4)
  (net 63 header6Gpio2)
  (net 64 header6Gpio3)
  (net 65 header6Gpio1)
  (net 66 header7Gpio6)
  (net 67 header7Gpio5)
  (net 68 header7Gpio4)
  (net 69 header7Gpio2)
  (net 70 header7Gpio3)
  (net 71 header7Gpio1)
  (net 72 header8Gpio1)
  (net 73 header8Gpio3)
  (net 74 header8Gpio2)
  (net 75 header8Gpio4)
  (net 76 header8Gpio5)
  (net 77 header8Gpio6)
  (net 78 header9Gpio1)
  (net 79 header9Gpio3)
  (net 80 header9Gpio2)
  (net 81 header9Gpio4)
  (net 82 header9Gpio5)
  (net 83 header9Gpio6)
  (net 84 "Net-(U7-Pad1)")
  (net 85 "Net-(U7-Pad2)")
  (net 86 "Net-(U7-Pad3)")
  (net 87 "Net-(U7-Pad4)")
  (net 88 "Net-(U7-Pad5)")
  (net 89 "Net-(U7-Pad6)")
  (net 90 "Net-(U7-Pad7)")
  (net 91 "Net-(U7-Pad8)")
  (net 92 "Net-(U7-Pad9)")
  (net 93 "Net-(U7-Pad10)")
  (net 94 "Net-(U7-Pad11)")
  (net 95 "Net-(U7-Pad12)")
  (net 96 "Net-(U7-Pad13)")
  (net 97 "Net-(U7-Pad14)")
  (net 98 "Net-(U7-Pad15)")
  (net 99 "Net-(U7-Pad16)")
  (net 100 "Net-(U7-Pad17)")
  (net 101 "Net-(U7-Pad18)")
  (net 102 "Net-(U7-Pad19)")
  (net 103 "Net-(U7-Pad20)")
  (net 104 "Net-(U7-Pad21)")
  (net 105 "Net-(U7-Pad22)")
  (net 106 "Net-(U7-Pad23)")
  (net 107 "Net-(U7-Pad24)")
  (net 108 "Net-(U7-Pad25)")
  (net 109 "Net-(U7-Pad26)")
  (net 110 "Net-(U7-Pad27)")
  (net 111 "Net-(U7-Pad28)")
  (net 112 "Net-(U7-Pad29)")
  (net 113 "Net-(U7-Pad30)")
  (net 114 "Net-(U7-Pad31)")
  (net 115 "Net-(U7-Pad32)")
  (net 116 "Net-(U7-Pad33)")
  (net 117 "Net-(U7-Pad34)")
  (net 118 "Net-(U7-Pad35)")
  (net 119 "Net-(U7-Pad36)")
  (net 120 "Net-(U7-Pad37)")
  (net 121 "Net-(U7-Pad38)")
  (net 122 "Net-(U7-Pad39)")
  (net 123 "Net-(U7-Pad40)")
  (net 124 "Net-(U7-Pad41)")
  (net 125 "Net-(U7-Pad42)")
  (net 126 "Net-(U7-Pad43)")
  (net 127 "Net-(U7-Pad44)")
  (net 128 "Net-(U7-Pad45)")
  (net 129 "Net-(U7-Pad46)")
  (net 130 "Net-(U7-Pad47)")
  (net 131 "Net-(U7-Pad48)")
  (net 132 "Net-(U7-Pad49)")
  (net 133 "Net-(U7-Pad50)")
  (net 134 "Net-(U7-Pad51)")
  (net 135 "Net-(U7-Pad52)")
  (net 136 "Net-(U7-Pad53)")
  (net 137 "Net-(U7-Pad54)")

  (net_class Default "This is the default net class."
    (clearance 0.2)
    (trace_width 0.25)
    (via_dia 0.8)
    (via_drill 0.4)
    (uvia_dia 0.3)
    (uvia_drill 0.1)
    (add_net +15V)
    (add_net +3V3)
    (add_net +5V)
    (add_net GND)
    (add_net "Net-(C10-Pad1)")
    (add_net "Net-(C10-Pad2)")
    (add_net "Net-(C3-Pad1)")
    (add_net "Net-(C3-Pad2)")
    (add_net "Net-(C4-Pad1)")
    (add_net "Net-(C5-Pad1)")
    (add_net "Net-(C5-Pad2)")
    (add_net "Net-(C8-Pad1)")
    (add_net "Net-(C8-Pad2)")
    (add_net "Net-(C9-Pad1)")
    (add_net "Net-(R10-Pad2)")
    (add_net "Net-(R11-Pad2)")
    (add_net "Net-(R14-Pad2)")
    (add_net "Net-(R2-Pad1)")
    (add_net "Net-(R5-Pad2)")
    (add_net "Net-(R7-Pad1)")
    (add_net "Net-(U7-Pad1)")
    (add_net "Net-(U7-Pad10)")
    (add_net "Net-(U7-Pad11)")
    (add_net "Net-(U7-Pad12)")
    (add_net "Net-(U7-Pad13)")
    (add_net "Net-(U7-Pad14)")
    (add_net "Net-(U7-Pad15)")
    (add_net "Net-(U7-Pad16)")
    (add_net "Net-(U7-Pad17)")
    (add_net "Net-(U7-Pad18)")
    (add_net "Net-(U7-Pad19)")
    (add_net "Net-(U7-Pad2)")
    (add_net "Net-(U7-Pad20)")
    (add_net "Net-(U7-Pad21)")
    (add_net "Net-(U7-Pad22)")
    (add_net "Net-(U7-Pad23)")
    (add_net "Net-(U7-Pad24)")
    (add_net "Net-(U7-Pad25)")
    (add_net "Net-(U7-Pad26)")
    (add_net "Net-(U7-Pad27)")
    (add_net "Net-(U7-Pad28)")
    (add_net "Net-(U7-Pad29)")
    (add_net "Net-(U7-Pad3)")
    (add_net "Net-(U7-Pad30)")
    (add_net "Net-(U7-Pad31)")
    (add_net "Net-(U7-Pad32)")
    (add_net "Net-(U7-Pad33)")
    (add_net "Net-(U7-Pad34)")
    (add_net "Net-(U7-Pad35)")
    (add_net "Net-(U7-Pad36)")
    (add_net "Net-(U7-Pad37)")
    (add_net "Net-(U7-Pad38)")
    (add_net "Net-(U7-Pad39)")
    (add_net "Net-(U7-Pad4)")
    (add_net "Net-(U7-Pad40)")
    (add_net "Net-(U7-Pad41)")
    (add_net "Net-(U7-Pad42)")
    (add_net "Net-(U7-Pad43)")
    (add_net "Net-(U7-Pad44)")
    (add_net "Net-(U7-Pad45)")
    (add_net "Net-(U7-Pad46)")
    (add_net "Net-(U7-Pad47)")
    (add_net "Net-(U7-Pad48)")
    (add_net "Net-(U7-Pad49)")
    (add_net "Net-(U7-Pad5)")
    (add_net "Net-(U7-Pad50)")
    (add_net "Net-(U7-Pad51)")
    (add_net "Net-(U7-Pad52)")
    (add_net "Net-(U7-Pad53)")
    (add_net "Net-(U7-Pad54)")
    (add_net "Net-(U7-Pad6)")
    (add_net "Net-(U7-Pad7)")
    (add_net "Net-(U7-Pad8)")
    (add_net "Net-(U7-Pad9)")
    (add_net header1Gpio1)
    (add_net header1Gpio2)
    (add_net header1Gpio3)
    (add_net header1Gpio4)
    (add_net header1Gpio5)
    (add_net header1Gpio6)
    (add_net header2Gpio1)
    (add_net header2Gpio2)
    (add_net header2Gpio3)
    (add_net header2Gpio4)
    (add_net header2Gpio5)
    (add_net header2Gpio6)
    (add_net header3Gpio1)
    (add_net header3Gpio2)
    (add_net header3Gpio3)
    (add_net header3Gpio4)
    (add_net header3Gpio5)
    (add_net header3Gpio6)
    (add_net header4Gpio1)
    (add_net header4Gpio2)
    (add_net header4Gpio3)
    (add_net header4Gpio4)
    (add_net header4Gpio5)
    (add_net header4Gpio6)
    (add_net header5Gpio1)
    (add_net header5Gpio2)
    (add_net header5Gpio3)
    (add_net header5Gpio4)
    (add_net header5Gpio5)
    (add_net header5Gpio6)
    (add_net header6Gpio1)
    (add_net header6Gpio2)
    (add_net header6Gpio3)
    (add_net header6Gpio4)
    (add_net header6Gpio5)
    (add_net header6Gpio6)
    (add_net header7Gpio1)
    (add_net header7Gpio2)
    (add_net header7Gpio3)
    (add_net header7Gpio4)
    (add_net header7Gpio5)
    (add_net header7Gpio6)
    (add_net header8Gpio1)
    (add_net header8Gpio2)
    (add_net header8Gpio3)
    (add_net header8Gpio4)
    (add_net header8Gpio5)
    (add_net header8Gpio6)
    (add_net header9Gpio1)
    (add_net header9Gpio2)
    (add_net header9Gpio3)
    (add_net header9Gpio4)
    (add_net header9Gpio5)
    (add_net header9Gpio6)
    (add_net liPo1)
    (add_net liPo2)
    (add_net lipo2)
    (add_net monitor1)
    (add_net monitor2)
    (add_net monitorEna1)
    (add_net monitorEna2)
    (add_net scl)
    (add_net sda)
  )

  (module backplane:PJ-037A (layer F.Cu) (tedit 5C38EE41) (tstamp 5C5617DC)
    (at 45.085 5.08 270)
    (path /5C55FED8)
    (fp_text reference barrelJack1 (at -2.75 -7.25 270) (layer F.SilkS)
      (effects (font (size 1 1) (thickness 0.15)))
    )
    (fp_text value PJ-037A (at -3 -5.5 270) (layer F.Fab)
      (effects (font (size 1 1) (thickness 0.15)))
    )
    (fp_line (start 4.27 4.52) (end 4.27 -4.48) (layer F.CrtYd) (width 0.25))
    (fp_line (start -10.23 4.52) (end 4.27 4.52) (layer F.CrtYd) (width 0.25))
    (fp_line (start -10.23 -4.48) (end -10.23 4.52) (layer F.CrtYd) (width 0.25))
    (fp_line (start 4.27 -4.48) (end -10.23 -4.48) (layer F.CrtYd) (width 0.25))
    (fp_circle (center 3 -3.5) (end 3.25 -3.5) (layer F.SilkS) (width 0.5))
    (fp_line (start -10.23 -4.48) (end -10.23 4.52) (layer F.SilkS) (width 0.25))
    (fp_line (start 4.27 -4.48) (end 4.27 4.52) (layer F.SilkS) (width 0.25))
    (fp_line (start 4.27 4.52) (end -10.23 4.52) (layer F.SilkS) (width 0.25))
    (fp_line (start 4.27 -4.48) (end -10.23 -4.48) (layer F.SilkS) (width 0.25))
    (pad 2 thru_hole rect (at -3 0 270) (size 2 4) (drill oval 1 3) (layers *.Cu *.Mask)
      (net 1 GND))
    (pad 1 thru_hole rect (at 3 0 270) (size 2 4.5) (drill oval 1 3.5) (layers *.Cu *.Mask)
      (net 2 +5V))
  )

  (module backplane:PJ-037A (layer F.Cu) (tedit 5C38EE41) (tstamp 5C5617EB)
    (at 55.245 5.08 270)
    (path /5C55FFE8)
    (fp_text reference barrelJack2 (at -2.75 -7.25 270) (layer F.SilkS)
      (effects (font (size 1 1) (thickness 0.15)))
    )
    (fp_text value PJ-037A (at -3 -5.5 270) (layer F.Fab)
      (effects (font (size 1 1) (thickness 0.15)))
    )
    (fp_line (start 4.27 -4.48) (end -10.23 -4.48) (layer F.SilkS) (width 0.25))
    (fp_line (start 4.27 4.52) (end -10.23 4.52) (layer F.SilkS) (width 0.25))
    (fp_line (start 4.27 -4.48) (end 4.27 4.52) (layer F.SilkS) (width 0.25))
    (fp_line (start -10.23 -4.48) (end -10.23 4.52) (layer F.SilkS) (width 0.25))
    (fp_circle (center 3 -3.5) (end 3.25 -3.5) (layer F.SilkS) (width 0.5))
    (fp_line (start 4.27 -4.48) (end -10.23 -4.48) (layer F.CrtYd) (width 0.25))
    (fp_line (start -10.23 -4.48) (end -10.23 4.52) (layer F.CrtYd) (width 0.25))
    (fp_line (start -10.23 4.52) (end 4.27 4.52) (layer F.CrtYd) (width 0.25))
    (fp_line (start 4.27 4.52) (end 4.27 -4.48) (layer F.CrtYd) (width 0.25))
    (pad 1 thru_hole rect (at 3 0 270) (size 2 4.5) (drill oval 1 3.5) (layers *.Cu *.Mask)
      (net 3 +15V))
    (pad 2 thru_hole rect (at -3 0 270) (size 2 4) (drill oval 1 3) (layers *.Cu *.Mask)
      (net 1 GND))
  )

  (module backplane:PJ-037A (layer F.Cu) (tedit 5C38EE41) (tstamp 5C5617FA)
    (at 34.925 5.08 270)
    (path /5C5600AC)
    (fp_text reference barrelJack3 (at -2.75 -7.25 270) (layer F.SilkS)
      (effects (font (size 1 1) (thickness 0.15)))
    )
    (fp_text value PJ-037A (at -3 -5.5 270) (layer F.Fab)
      (effects (font (size 1 1) (thickness 0.15)))
    )
    (fp_line (start 4.27 -4.48) (end -10.23 -4.48) (layer F.SilkS) (width 0.25))
    (fp_line (start 4.27 4.52) (end -10.23 4.52) (layer F.SilkS) (width 0.25))
    (fp_line (start 4.27 -4.48) (end 4.27 4.52) (layer F.SilkS) (width 0.25))
    (fp_line (start -10.23 -4.48) (end -10.23 4.52) (layer F.SilkS) (width 0.25))
    (fp_circle (center 3 -3.5) (end 3.25 -3.5) (layer F.SilkS) (width 0.5))
    (fp_line (start 4.27 -4.48) (end -10.23 -4.48) (layer F.CrtYd) (width 0.25))
    (fp_line (start -10.23 -4.48) (end -10.23 4.52) (layer F.CrtYd) (width 0.25))
    (fp_line (start -10.23 4.52) (end 4.27 4.52) (layer F.CrtYd) (width 0.25))
    (fp_line (start 4.27 4.52) (end 4.27 -4.48) (layer F.CrtYd) (width 0.25))
    (pad 1 thru_hole rect (at 3 0 270) (size 2 4.5) (drill oval 1 3.5) (layers *.Cu *.Mask)
      (net 4 +3V3))
    (pad 2 thru_hole rect (at -3 0 270) (size 2 4) (drill oval 1 3) (layers *.Cu *.Mask)
      (net 1 GND))
  )

  (module backplane:865090442004 (layer F.Cu) (tedit 5C3A5DE8) (tstamp 5C5618A5)
    (at 41.8 -109.384999)
    (path /5C6E3FB6)
    (fp_text reference C1 (at 0.64 -5.33) (layer F.SilkS)
      (effects (font (size 1 1) (thickness 0.15)))
    )
    (fp_text value 22uF (at 0.79 -3.71) (layer F.Fab)
      (effects (font (size 1 1) (thickness 0.15)))
    )
    (fp_line (start 2.75 2.75) (end 2.75 1.375) (layer F.CrtYd) (width 0.15))
    (fp_line (start -2.75 2.75) (end 2.75 2.75) (layer F.CrtYd) (width 0.15))
    (fp_line (start -2.75 1.375) (end -2.75 2.75) (layer F.CrtYd) (width 0.15))
    (fp_line (start -1.375 -2.75) (end -2.75 -1.375) (layer F.CrtYd) (width 0.15))
    (fp_line (start 2.75 -2.75) (end -1.375 -2.75) (layer F.CrtYd) (width 0.15))
    (fp_line (start 2.75 -1.375) (end 2.75 -2.75) (layer F.CrtYd) (width 0.15))
    (fp_line (start -2.75 2.75) (end -1.375 2.75) (layer F.SilkS) (width 0.15))
    (fp_line (start -2.75 1.375) (end -2.75 2.75) (layer F.SilkS) (width 0.15))
    (fp_line (start -2.75 -1.375) (end -1.375 -2.75) (layer F.SilkS) (width 0.15))
    (fp_line (start -1.375 2.75) (end 2.75 2.75) (layer F.SilkS) (width 0.15))
    (fp_line (start -1.375 -2.75) (end 2.75 -2.75) (layer F.SilkS) (width 0.15))
    (fp_line (start 2.75 1.375) (end 2.75 2.75) (layer F.SilkS) (width 0.15))
    (fp_line (start 2.75 -2.75) (end 2.75 -1.375) (layer F.SilkS) (width 0.15))
    (pad 2 smd rect (at 2.2 0) (size 3 1.6) (layers F.Cu F.Paste F.Mask)
      (net 1 GND))
    (pad 1 smd rect (at -2.2 0) (size 3 1.6) (layers F.Cu F.Paste F.Mask)
      (net 3 +15V))
  )

  (module backplane:865090449007 (layer F.Cu) (tedit 5C3A602F) (tstamp 5C5618B7)
    (at 125.26 -144.164999)
    (path /5C6AC506)
    (fp_text reference C2 (at 0.66 -6.55) (layer F.SilkS)
      (effects (font (size 1 1) (thickness 0.15)))
    )
    (fp_text value 47uF (at 0.91 -5.17) (layer F.Fab)
      (effects (font (size 1 1) (thickness 0.15)))
    )
    (fp_line (start 4.25 -2.125) (end 4.25 -4.25) (layer F.SilkS) (width 0.15))
    (fp_line (start 4.25 2.125) (end 4.25 4.25) (layer F.SilkS) (width 0.15))
    (fp_line (start 4.25 4.25) (end -4.25 4.25) (layer F.SilkS) (width 0.15))
    (fp_line (start -4.25 4.25) (end -4.25 2.125) (layer F.SilkS) (width 0.15))
    (fp_line (start -4.25 -2.125) (end -2.125 -4.25) (layer F.SilkS) (width 0.15))
    (fp_line (start 4.25 -4.25) (end -2.125 -4.25) (layer F.SilkS) (width 0.15))
    (fp_line (start -4.25 -2.125) (end -2.125 -4.25) (layer F.CrtYd) (width 0.15))
    (fp_line (start -2.125 -4.25) (end 4.25 -4.25) (layer F.CrtYd) (width 0.15))
    (fp_line (start 4.25 -4.25) (end 4.25 -2.125) (layer F.CrtYd) (width 0.15))
    (fp_line (start 4.25 2.125) (end 4.25 4.25) (layer F.CrtYd) (width 0.15))
    (fp_line (start 4.25 4.25) (end -4.25 4.25) (layer F.CrtYd) (width 0.15))
    (fp_line (start -4.25 4.25) (end -4.25 2.125) (layer F.CrtYd) (width 0.15))
    (pad 1 smd rect (at -3.5 0) (size 4.2 1.9) (layers F.Cu F.Paste F.Mask)
      (net 2 +5V))
    (pad 2 smd rect (at 3.5 0) (size 4.2 1.9) (layers F.Cu F.Paste F.Mask)
      (net 1 GND))
  )

  (module Capacitor_SMD:C_1206_3216Metric_Pad1.42x1.75mm_HandSolder (layer F.Cu) (tedit 5B301BBE) (tstamp 5C5618C8)
    (at 55.375001 -108.154999)
    (descr "Capacitor SMD 1206 (3216 Metric), square (rectangular) end terminal, IPC_7351 nominal with elongated pad for handsoldering. (Body size source: http://www.tortai-tech.com/upload/download/2011102023233369053.pdf), generated with kicad-footprint-generator")
    (tags "capacitor handsolder")
    (path /5C76723F)
    (attr smd)
    (fp_text reference C3 (at 0 -1.82) (layer F.SilkS)
      (effects (font (size 1 1) (thickness 0.15)))
    )
    (fp_text value 10nF (at 0 1.82) (layer F.Fab)
      (effects (font (size 1 1) (thickness 0.15)))
    )
    (fp_text user %R (at 0 0) (layer F.Fab)
      (effects (font (size 0.8 0.8) (thickness 0.12)))
    )
    (fp_line (start 2.45 1.12) (end -2.45 1.12) (layer F.CrtYd) (width 0.05))
    (fp_line (start 2.45 -1.12) (end 2.45 1.12) (layer F.CrtYd) (width 0.05))
    (fp_line (start -2.45 -1.12) (end 2.45 -1.12) (layer F.CrtYd) (width 0.05))
    (fp_line (start -2.45 1.12) (end -2.45 -1.12) (layer F.CrtYd) (width 0.05))
    (fp_line (start -0.602064 0.91) (end 0.602064 0.91) (layer F.SilkS) (width 0.12))
    (fp_line (start -0.602064 -0.91) (end 0.602064 -0.91) (layer F.SilkS) (width 0.12))
    (fp_line (start 1.6 0.8) (end -1.6 0.8) (layer F.Fab) (width 0.1))
    (fp_line (start 1.6 -0.8) (end 1.6 0.8) (layer F.Fab) (width 0.1))
    (fp_line (start -1.6 -0.8) (end 1.6 -0.8) (layer F.Fab) (width 0.1))
    (fp_line (start -1.6 0.8) (end -1.6 -0.8) (layer F.Fab) (width 0.1))
    (pad 2 smd roundrect (at 1.4875 0) (size 1.425 1.75) (layers F.Cu F.Paste F.Mask) (roundrect_rratio 0.175439)
      (net 5 "Net-(C3-Pad2)"))
    (pad 1 smd roundrect (at -1.4875 0) (size 1.425 1.75) (layers F.Cu F.Paste F.Mask) (roundrect_rratio 0.175439)
      (net 6 "Net-(C3-Pad1)"))
    (model ${KISYS3DMOD}/Capacitor_SMD.3dshapes/C_1206_3216Metric.wrl
      (at (xyz 0 0 0))
      (scale (xyz 1 1 1))
      (rotate (xyz 0 0 0))
    )
  )

  (module Capacitor_SMD:C_1206_3216Metric_Pad1.42x1.75mm_HandSolder (layer F.Cu) (tedit 5B301BBE) (tstamp 5C5618D9)
    (at 60.325001 -108.154999)
    (descr "Capacitor SMD 1206 (3216 Metric), square (rectangular) end terminal, IPC_7351 nominal with elongated pad for handsoldering. (Body size source: http://www.tortai-tech.com/upload/download/2011102023233369053.pdf), generated with kicad-footprint-generator")
    (tags "capacitor handsolder")
    (path /5C494189)
    (attr smd)
    (fp_text reference C4 (at 0 -1.82) (layer F.SilkS)
      (effects (font (size 1 1) (thickness 0.15)))
    )
    (fp_text value 100nF (at 0 1.82) (layer F.Fab)
      (effects (font (size 1 1) (thickness 0.15)))
    )
    (fp_line (start -1.6 0.8) (end -1.6 -0.8) (layer F.Fab) (width 0.1))
    (fp_line (start -1.6 -0.8) (end 1.6 -0.8) (layer F.Fab) (width 0.1))
    (fp_line (start 1.6 -0.8) (end 1.6 0.8) (layer F.Fab) (width 0.1))
    (fp_line (start 1.6 0.8) (end -1.6 0.8) (layer F.Fab) (width 0.1))
    (fp_line (start -0.602064 -0.91) (end 0.602064 -0.91) (layer F.SilkS) (width 0.12))
    (fp_line (start -0.602064 0.91) (end 0.602064 0.91) (layer F.SilkS) (width 0.12))
    (fp_line (start -2.45 1.12) (end -2.45 -1.12) (layer F.CrtYd) (width 0.05))
    (fp_line (start -2.45 -1.12) (end 2.45 -1.12) (layer F.CrtYd) (width 0.05))
    (fp_line (start 2.45 -1.12) (end 2.45 1.12) (layer F.CrtYd) (width 0.05))
    (fp_line (start 2.45 1.12) (end -2.45 1.12) (layer F.CrtYd) (width 0.05))
    (fp_text user %R (at 0 0) (layer F.Fab)
      (effects (font (size 0.8 0.8) (thickness 0.12)))
    )
    (pad 1 smd roundrect (at -1.4875 0) (size 1.425 1.75) (layers F.Cu F.Paste F.Mask) (roundrect_rratio 0.175439)
      (net 7 "Net-(C4-Pad1)"))
    (pad 2 smd roundrect (at 1.4875 0) (size 1.425 1.75) (layers F.Cu F.Paste F.Mask) (roundrect_rratio 0.175439)
      (net 1 GND))
    (model ${KISYS3DMOD}/Capacitor_SMD.3dshapes/C_1206_3216Metric.wrl
      (at (xyz 0 0 0))
      (scale (xyz 1 1 1))
      (rotate (xyz 0 0 0))
    )
  )

  (module Capacitor_SMD:C_1206_3216Metric_Pad1.42x1.75mm_HandSolder (layer F.Cu) (tedit 5B301BBE) (tstamp 5C5618EA)
    (at 65.275001 -108.154999)
    (descr "Capacitor SMD 1206 (3216 Metric), square (rectangular) end terminal, IPC_7351 nominal with elongated pad for handsoldering. (Body size source: http://www.tortai-tech.com/upload/download/2011102023233369053.pdf), generated with kicad-footprint-generator")
    (tags "capacitor handsolder")
    (path /5C5AF31B)
    (attr smd)
    (fp_text reference C5 (at 0 -1.82) (layer F.SilkS)
      (effects (font (size 1 1) (thickness 0.15)))
    )
    (fp_text value 6.8nF (at 0 1.82) (layer F.Fab)
      (effects (font (size 1 1) (thickness 0.15)))
    )
    (fp_text user %R (at 0 0) (layer F.Fab)
      (effects (font (size 0.8 0.8) (thickness 0.12)))
    )
    (fp_line (start 2.45 1.12) (end -2.45 1.12) (layer F.CrtYd) (width 0.05))
    (fp_line (start 2.45 -1.12) (end 2.45 1.12) (layer F.CrtYd) (width 0.05))
    (fp_line (start -2.45 -1.12) (end 2.45 -1.12) (layer F.CrtYd) (width 0.05))
    (fp_line (start -2.45 1.12) (end -2.45 -1.12) (layer F.CrtYd) (width 0.05))
    (fp_line (start -0.602064 0.91) (end 0.602064 0.91) (layer F.SilkS) (width 0.12))
    (fp_line (start -0.602064 -0.91) (end 0.602064 -0.91) (layer F.SilkS) (width 0.12))
    (fp_line (start 1.6 0.8) (end -1.6 0.8) (layer F.Fab) (width 0.1))
    (fp_line (start 1.6 -0.8) (end 1.6 0.8) (layer F.Fab) (width 0.1))
    (fp_line (start -1.6 -0.8) (end 1.6 -0.8) (layer F.Fab) (width 0.1))
    (fp_line (start -1.6 0.8) (end -1.6 -0.8) (layer F.Fab) (width 0.1))
    (pad 2 smd roundrect (at 1.4875 0) (size 1.425 1.75) (layers F.Cu F.Paste F.Mask) (roundrect_rratio 0.175439)
      (net 8 "Net-(C5-Pad2)"))
    (pad 1 smd roundrect (at -1.4875 0) (size 1.425 1.75) (layers F.Cu F.Paste F.Mask) (roundrect_rratio 0.175439)
      (net 9 "Net-(C5-Pad1)"))
    (model ${KISYS3DMOD}/Capacitor_SMD.3dshapes/C_1206_3216Metric.wrl
      (at (xyz 0 0 0))
      (scale (xyz 1 1 1))
      (rotate (xyz 0 0 0))
    )
  )

  (module backplane:865090442004 (layer F.Cu) (tedit 5C3A5DE8) (tstamp 5C5618FD)
    (at 49.2 -109.384999)
    (path /5CA8F9C9)
    (fp_text reference C6 (at 0.64 -5.33) (layer F.SilkS)
      (effects (font (size 1 1) (thickness 0.15)))
    )
    (fp_text value 22uF (at 0.79 -3.71) (layer F.Fab)
      (effects (font (size 1 1) (thickness 0.15)))
    )
    (fp_line (start 2.75 -2.75) (end 2.75 -1.375) (layer F.SilkS) (width 0.15))
    (fp_line (start 2.75 1.375) (end 2.75 2.75) (layer F.SilkS) (width 0.15))
    (fp_line (start -1.375 -2.75) (end 2.75 -2.75) (layer F.SilkS) (width 0.15))
    (fp_line (start -1.375 2.75) (end 2.75 2.75) (layer F.SilkS) (width 0.15))
    (fp_line (start -2.75 -1.375) (end -1.375 -2.75) (layer F.SilkS) (width 0.15))
    (fp_line (start -2.75 1.375) (end -2.75 2.75) (layer F.SilkS) (width 0.15))
    (fp_line (start -2.75 2.75) (end -1.375 2.75) (layer F.SilkS) (width 0.15))
    (fp_line (start 2.75 -1.375) (end 2.75 -2.75) (layer F.CrtYd) (width 0.15))
    (fp_line (start 2.75 -2.75) (end -1.375 -2.75) (layer F.CrtYd) (width 0.15))
    (fp_line (start -1.375 -2.75) (end -2.75 -1.375) (layer F.CrtYd) (width 0.15))
    (fp_line (start -2.75 1.375) (end -2.75 2.75) (layer F.CrtYd) (width 0.15))
    (fp_line (start -2.75 2.75) (end 2.75 2.75) (layer F.CrtYd) (width 0.15))
    (fp_line (start 2.75 2.75) (end 2.75 1.375) (layer F.CrtYd) (width 0.15))
    (pad 1 smd rect (at -2.2 0) (size 3 1.6) (layers F.Cu F.Paste F.Mask)
      (net 3 +15V))
    (pad 2 smd rect (at 2.2 0) (size 3 1.6) (layers F.Cu F.Paste F.Mask)
      (net 1 GND))
  )

  (module backplane:865090449007 (layer F.Cu) (tedit 5C3A602F) (tstamp 5C56190F)
    (at 114.34 -132.634999)
    (path /5CA8F9C2)
    (fp_text reference C7 (at 0.66 -6.55) (layer F.SilkS)
      (effects (font (size 1 1) (thickness 0.15)))
    )
    (fp_text value 47uF (at 0.91 -5.17) (layer F.Fab)
      (effects (font (size 1 1) (thickness 0.15)))
    )
    (fp_line (start -4.25 4.25) (end -4.25 2.125) (layer F.CrtYd) (width 0.15))
    (fp_line (start 4.25 4.25) (end -4.25 4.25) (layer F.CrtYd) (width 0.15))
    (fp_line (start 4.25 2.125) (end 4.25 4.25) (layer F.CrtYd) (width 0.15))
    (fp_line (start 4.25 -4.25) (end 4.25 -2.125) (layer F.CrtYd) (width 0.15))
    (fp_line (start -2.125 -4.25) (end 4.25 -4.25) (layer F.CrtYd) (width 0.15))
    (fp_line (start -4.25 -2.125) (end -2.125 -4.25) (layer F.CrtYd) (width 0.15))
    (fp_line (start 4.25 -4.25) (end -2.125 -4.25) (layer F.SilkS) (width 0.15))
    (fp_line (start -4.25 -2.125) (end -2.125 -4.25) (layer F.SilkS) (width 0.15))
    (fp_line (start -4.25 4.25) (end -4.25 2.125) (layer F.SilkS) (width 0.15))
    (fp_line (start 4.25 4.25) (end -4.25 4.25) (layer F.SilkS) (width 0.15))
    (fp_line (start 4.25 2.125) (end 4.25 4.25) (layer F.SilkS) (width 0.15))
    (fp_line (start 4.25 -2.125) (end 4.25 -4.25) (layer F.SilkS) (width 0.15))
    (pad 2 smd rect (at 3.5 0) (size 4.2 1.9) (layers F.Cu F.Paste F.Mask)
      (net 1 GND))
    (pad 1 smd rect (at -3.5 0) (size 4.2 1.9) (layers F.Cu F.Paste F.Mask)
      (net 4 +3V3))
  )

  (module Capacitor_SMD:C_1206_3216Metric_Pad1.42x1.75mm_HandSolder (layer F.Cu) (tedit 5B301BBE) (tstamp 5C561920)
    (at 70.225001 -108.664999)
    (descr "Capacitor SMD 1206 (3216 Metric), square (rectangular) end terminal, IPC_7351 nominal with elongated pad for handsoldering. (Body size source: http://www.tortai-tech.com/upload/download/2011102023233369053.pdf), generated with kicad-footprint-generator")
    (tags "capacitor handsolder")
    (path /5CA8F9D0)
    (attr smd)
    (fp_text reference C8 (at 0 -1.82) (layer F.SilkS)
      (effects (font (size 1 1) (thickness 0.15)))
    )
    (fp_text value 10nF (at 0 1.82) (layer F.Fab)
      (effects (font (size 1 1) (thickness 0.15)))
    )
    (fp_line (start -1.6 0.8) (end -1.6 -0.8) (layer F.Fab) (width 0.1))
    (fp_line (start -1.6 -0.8) (end 1.6 -0.8) (layer F.Fab) (width 0.1))
    (fp_line (start 1.6 -0.8) (end 1.6 0.8) (layer F.Fab) (width 0.1))
    (fp_line (start 1.6 0.8) (end -1.6 0.8) (layer F.Fab) (width 0.1))
    (fp_line (start -0.602064 -0.91) (end 0.602064 -0.91) (layer F.SilkS) (width 0.12))
    (fp_line (start -0.602064 0.91) (end 0.602064 0.91) (layer F.SilkS) (width 0.12))
    (fp_line (start -2.45 1.12) (end -2.45 -1.12) (layer F.CrtYd) (width 0.05))
    (fp_line (start -2.45 -1.12) (end 2.45 -1.12) (layer F.CrtYd) (width 0.05))
    (fp_line (start 2.45 -1.12) (end 2.45 1.12) (layer F.CrtYd) (width 0.05))
    (fp_line (start 2.45 1.12) (end -2.45 1.12) (layer F.CrtYd) (width 0.05))
    (fp_text user %R (at 0 0) (layer F.Fab)
      (effects (font (size 0.8 0.8) (thickness 0.12)))
    )
    (pad 1 smd roundrect (at -1.4875 0) (size 1.425 1.75) (layers F.Cu F.Paste F.Mask) (roundrect_rratio 0.175439)
      (net 10 "Net-(C8-Pad1)"))
    (pad 2 smd roundrect (at 1.4875 0) (size 1.425 1.75) (layers F.Cu F.Paste F.Mask) (roundrect_rratio 0.175439)
      (net 11 "Net-(C8-Pad2)"))
    (model ${KISYS3DMOD}/Capacitor_SMD.3dshapes/C_1206_3216Metric.wrl
      (at (xyz 0 0 0))
      (scale (xyz 1 1 1))
      (rotate (xyz 0 0 0))
    )
  )

  (module Capacitor_SMD:C_1206_3216Metric_Pad1.42x1.75mm_HandSolder (layer F.Cu) (tedit 5B301BBE) (tstamp 5C561931)
    (at 70.225001 -106.374999)
    (descr "Capacitor SMD 1206 (3216 Metric), square (rectangular) end terminal, IPC_7351 nominal with elongated pad for handsoldering. (Body size source: http://www.tortai-tech.com/upload/download/2011102023233369053.pdf), generated with kicad-footprint-generator")
    (tags "capacitor handsolder")
    (path /5CA8F99D)
    (attr smd)
    (fp_text reference C9 (at 0 -1.82) (layer F.SilkS)
      (effects (font (size 1 1) (thickness 0.15)))
    )
    (fp_text value 100nF (at 0 1.82) (layer F.Fab)
      (effects (font (size 1 1) (thickness 0.15)))
    )
    (fp_line (start -1.6 0.8) (end -1.6 -0.8) (layer F.Fab) (width 0.1))
    (fp_line (start -1.6 -0.8) (end 1.6 -0.8) (layer F.Fab) (width 0.1))
    (fp_line (start 1.6 -0.8) (end 1.6 0.8) (layer F.Fab) (width 0.1))
    (fp_line (start 1.6 0.8) (end -1.6 0.8) (layer F.Fab) (width 0.1))
    (fp_line (start -0.602064 -0.91) (end 0.602064 -0.91) (layer F.SilkS) (width 0.12))
    (fp_line (start -0.602064 0.91) (end 0.602064 0.91) (layer F.SilkS) (width 0.12))
    (fp_line (start -2.45 1.12) (end -2.45 -1.12) (layer F.CrtYd) (width 0.05))
    (fp_line (start -2.45 -1.12) (end 2.45 -1.12) (layer F.CrtYd) (width 0.05))
    (fp_line (start 2.45 -1.12) (end 2.45 1.12) (layer F.CrtYd) (width 0.05))
    (fp_line (start 2.45 1.12) (end -2.45 1.12) (layer F.CrtYd) (width 0.05))
    (fp_text user %R (at 0 0) (layer F.Fab)
      (effects (font (size 0.8 0.8) (thickness 0.12)))
    )
    (pad 1 smd roundrect (at -1.4875 0) (size 1.425 1.75) (layers F.Cu F.Paste F.Mask) (roundrect_rratio 0.175439)
      (net 12 "Net-(C9-Pad1)"))
    (pad 2 smd roundrect (at 1.4875 0) (size 1.425 1.75) (layers F.Cu F.Paste F.Mask) (roundrect_rratio 0.175439)
      (net 1 GND))
    (model ${KISYS3DMOD}/Capacitor_SMD.3dshapes/C_1206_3216Metric.wrl
      (at (xyz 0 0 0))
      (scale (xyz 1 1 1))
      (rotate (xyz 0 0 0))
    )
  )

  (module Capacitor_SMD:C_1206_3216Metric_Pad1.42x1.75mm_HandSolder (layer F.Cu) (tedit 5B301BBE) (tstamp 5C561942)
    (at 76.925001 -120.314999)
    (descr "Capacitor SMD 1206 (3216 Metric), square (rectangular) end terminal, IPC_7351 nominal with elongated pad for handsoldering. (Body size source: http://www.tortai-tech.com/upload/download/2011102023233369053.pdf), generated with kicad-footprint-generator")
    (tags "capacitor handsolder")
    (path /5CA8F9B1)
    (attr smd)
    (fp_text reference C10 (at 0 -1.82) (layer F.SilkS)
      (effects (font (size 1 1) (thickness 0.15)))
    )
    (fp_text value 6.8nF (at 0 1.82) (layer F.Fab)
      (effects (font (size 1 1) (thickness 0.15)))
    )
    (fp_text user %R (at 0 0) (layer F.Fab)
      (effects (font (size 0.8 0.8) (thickness 0.12)))
    )
    (fp_line (start 2.45 1.12) (end -2.45 1.12) (layer F.CrtYd) (width 0.05))
    (fp_line (start 2.45 -1.12) (end 2.45 1.12) (layer F.CrtYd) (width 0.05))
    (fp_line (start -2.45 -1.12) (end 2.45 -1.12) (layer F.CrtYd) (width 0.05))
    (fp_line (start -2.45 1.12) (end -2.45 -1.12) (layer F.CrtYd) (width 0.05))
    (fp_line (start -0.602064 0.91) (end 0.602064 0.91) (layer F.SilkS) (width 0.12))
    (fp_line (start -0.602064 -0.91) (end 0.602064 -0.91) (layer F.SilkS) (width 0.12))
    (fp_line (start 1.6 0.8) (end -1.6 0.8) (layer F.Fab) (width 0.1))
    (fp_line (start 1.6 -0.8) (end 1.6 0.8) (layer F.Fab) (width 0.1))
    (fp_line (start -1.6 -0.8) (end 1.6 -0.8) (layer F.Fab) (width 0.1))
    (fp_line (start -1.6 0.8) (end -1.6 -0.8) (layer F.Fab) (width 0.1))
    (pad 2 smd roundrect (at 1.4875 0) (size 1.425 1.75) (layers F.Cu F.Paste F.Mask) (roundrect_rratio 0.175439)
      (net 13 "Net-(C10-Pad2)"))
    (pad 1 smd roundrect (at -1.4875 0) (size 1.425 1.75) (layers F.Cu F.Paste F.Mask) (roundrect_rratio 0.175439)
      (net 14 "Net-(C10-Pad1)"))
    (model ${KISYS3DMOD}/Capacitor_SMD.3dshapes/C_1206_3216Metric.wrl
      (at (xyz 0 0 0))
      (scale (xyz 1 1 1))
      (rotate (xyz 0 0 0))
    )
  )

  (module backplane:6100-150K-RC (layer F.Cu) (tedit 5C3A7A5D) (tstamp 5C56194A)
    (at 39.37 34.29)
    (path /5C7C6F9A)
    (fp_text reference L1 (at 0.35 -7.99) (layer F.SilkS)
      (effects (font (size 1 1) (thickness 0.15)))
    )
    (fp_text value 15uH (at 0.18 -6.58) (layer F.Fab)
      (effects (font (size 1 1) (thickness 0.15)))
    )
    (fp_circle (center 0 0) (end 5.5 0) (layer F.CrtYd) (width 0.15))
    (fp_circle (center 0 0) (end 5.5 0) (layer F.SilkS) (width 0.15))
    (pad 2 thru_hole circle (at 3 0) (size 2 2) (drill 1) (layers *.Cu *.Mask)
      (net 6 "Net-(C3-Pad1)"))
    (pad 1 thru_hole circle (at -3 0) (size 2 2) (drill 1) (layers *.Cu *.Mask)
      (net 2 +5V))
  )

  (module backplane:6100-150K-RC (layer F.Cu) (tedit 5C3A7A5D) (tstamp 5C561952)
    (at 20.955 34.29)
    (path /5CA8F9D9)
    (fp_text reference L2 (at 0.35 -7.99) (layer F.SilkS)
      (effects (font (size 1 1) (thickness 0.15)))
    )
    (fp_text value 15uH (at 0.18 -6.58) (layer F.Fab)
      (effects (font (size 1 1) (thickness 0.15)))
    )
    (fp_circle (center 0 0) (end 5.5 0) (layer F.SilkS) (width 0.15))
    (fp_circle (center 0 0) (end 5.5 0) (layer F.CrtYd) (width 0.15))
    (pad 1 thru_hole circle (at -3 0) (size 2 2) (drill 1) (layers *.Cu *.Mask)
      (net 4 +3V3))
    (pad 2 thru_hole circle (at 3 0) (size 2 2) (drill 1) (layers *.Cu *.Mask)
      (net 10 "Net-(C8-Pad1)"))
  )

  (module backplane:1336G1 (layer F.Cu) (tedit 5C37E018) (tstamp 5C561961)
    (at 24.13 120.65 180)
    (path /5C3FB9D5)
    (fp_text reference lipoGnd1 (at 0 -7.62 180) (layer F.SilkS)
      (effects (font (size 1 1) (thickness 0.15)))
    )
    (fp_text value 1336G1 (at 0 -5.08 180) (layer F.Fab)
      (effects (font (size 1 1) (thickness 0.15)))
    )
    (fp_line (start 7.39 -28.1) (end 7.39 0) (layer F.CrtYd) (width 0.15))
    (fp_line (start -7.39 -28.1) (end 7.39 -28.1) (layer F.CrtYd) (width 0.15))
    (fp_line (start -7.39 0) (end -7.39 -28.1) (layer F.CrtYd) (width 0.15))
    (fp_line (start 7.39 -28.1) (end 7.39 0) (layer F.SilkS) (width 0.15))
    (fp_line (start -7.39 -28.1) (end 7.39 -28.1) (layer F.SilkS) (width 0.15))
    (fp_line (start -7.39 0) (end -7.39 -28.1) (layer F.SilkS) (width 0.15))
    (fp_line (start 7.39 0) (end 3.695 0) (layer F.SilkS) (width 0.15))
    (fp_line (start -7.39 0) (end -3.695 0) (layer F.SilkS) (width 0.15))
    (fp_line (start 7.39 0) (end 3.695 0) (layer F.CrtYd) (width 0.15))
    (fp_line (start -7.39 0) (end -3.695 0) (layer F.CrtYd) (width 0.15))
    (pad 1 thru_hole oval (at 0 0 180) (size 6.23 2.27) (drill oval 5.23 1.27) (layers *.Cu *.Mask)
      (net 1 GND))
  )

  (module backplane:1336G1 (layer F.Cu) (tedit 5C37E018) (tstamp 5C562267)
    (at 54.61 120.65 180)
    (path /5C3FBA6F)
    (fp_text reference LipoGnd2 (at 0 -7.62 180) (layer F.SilkS)
      (effects (font (size 1 1) (thickness 0.15)))
    )
    (fp_text value 1336G1 (at 0 -5.08 180) (layer F.Fab)
      (effects (font (size 1 1) (thickness 0.15)))
    )
    (fp_line (start -7.39 0) (end -3.695 0) (layer F.CrtYd) (width 0.15))
    (fp_line (start 7.39 0) (end 3.695 0) (layer F.CrtYd) (width 0.15))
    (fp_line (start -7.39 0) (end -3.695 0) (layer F.SilkS) (width 0.15))
    (fp_line (start 7.39 0) (end 3.695 0) (layer F.SilkS) (width 0.15))
    (fp_line (start -7.39 0) (end -7.39 -28.1) (layer F.SilkS) (width 0.15))
    (fp_line (start -7.39 -28.1) (end 7.39 -28.1) (layer F.SilkS) (width 0.15))
    (fp_line (start 7.39 -28.1) (end 7.39 0) (layer F.SilkS) (width 0.15))
    (fp_line (start -7.39 0) (end -7.39 -28.1) (layer F.CrtYd) (width 0.15))
    (fp_line (start -7.39 -28.1) (end 7.39 -28.1) (layer F.CrtYd) (width 0.15))
    (fp_line (start 7.39 -28.1) (end 7.39 0) (layer F.CrtYd) (width 0.15))
    (pad 1 thru_hole oval (at 0 0 180) (size 6.23 2.27) (drill oval 5.23 1.27) (layers *.Cu *.Mask)
      (net 1 GND))
  )

  (module backplane:1336G1 (layer F.Cu) (tedit 5C37E018) (tstamp 5C4A0F0B)
    (at 8.89 120.65 180)
    (path /5C3FB8B7)
    (fp_text reference lipoIn1 (at 0 -7.62 180) (layer F.SilkS)
      (effects (font (size 1 1) (thickness 0.15)))
    )
    (fp_text value 1336G1 (at 0 -5.08 180) (layer F.Fab)
      (effects (font (size 1 1) (thickness 0.15)))
    )
    (fp_line (start 7.39 -28.1) (end 7.39 0) (layer F.CrtYd) (width 0.15))
    (fp_line (start -7.39 -28.1) (end 7.39 -28.1) (layer F.CrtYd) (width 0.15))
    (fp_line (start -7.39 0) (end -7.39 -28.1) (layer F.CrtYd) (width 0.15))
    (fp_line (start 7.39 -28.1) (end 7.39 0) (layer F.SilkS) (width 0.15))
    (fp_line (start -7.39 -28.1) (end 7.39 -28.1) (layer F.SilkS) (width 0.15))
    (fp_line (start -7.39 0) (end -7.39 -28.1) (layer F.SilkS) (width 0.15))
    (fp_line (start 7.39 0) (end 3.695 0) (layer F.SilkS) (width 0.15))
    (fp_line (start -7.39 0) (end -3.695 0) (layer F.SilkS) (width 0.15))
    (fp_line (start 7.39 0) (end 3.695 0) (layer F.CrtYd) (width 0.15))
    (fp_line (start -7.39 0) (end -3.695 0) (layer F.CrtYd) (width 0.15))
    (pad 1 thru_hole oval (at 0 0 180) (size 6.23 2.27) (drill oval 5.23 1.27) (layers *.Cu *.Mask)
      (net 15 liPo1))
  )

  (module backplane:1336G1 (layer F.Cu) (tedit 5C37E018) (tstamp 5C56198E)
    (at 39.37 120.65 180)
    (path /5C3FB943)
    (fp_text reference lipoIn2 (at 0 -7.62 180) (layer F.SilkS)
      (effects (font (size 1 1) (thickness 0.15)))
    )
    (fp_text value 1336G1 (at 0 -5.08 180) (layer F.Fab)
      (effects (font (size 1 1) (thickness 0.15)))
    )
    (fp_line (start -7.39 0) (end -3.695 0) (layer F.CrtYd) (width 0.15))
    (fp_line (start 7.39 0) (end 3.695 0) (layer F.CrtYd) (width 0.15))
    (fp_line (start -7.39 0) (end -3.695 0) (layer F.SilkS) (width 0.15))
    (fp_line (start 7.39 0) (end 3.695 0) (layer F.SilkS) (width 0.15))
    (fp_line (start -7.39 0) (end -7.39 -28.1) (layer F.SilkS) (width 0.15))
    (fp_line (start -7.39 -28.1) (end 7.39 -28.1) (layer F.SilkS) (width 0.15))
    (fp_line (start 7.39 -28.1) (end 7.39 0) (layer F.SilkS) (width 0.15))
    (fp_line (start -7.39 0) (end -7.39 -28.1) (layer F.CrtYd) (width 0.15))
    (fp_line (start -7.39 -28.1) (end 7.39 -28.1) (layer F.CrtYd) (width 0.15))
    (fp_line (start 7.39 -28.1) (end 7.39 0) (layer F.CrtYd) (width 0.15))
    (pad 1 thru_hole oval (at 0 0 180) (size 6.23 2.27) (drill oval 5.23 1.27) (layers *.Cu *.Mask)
      (net 16 lipo2))
  )

  (module Resistor_SMD:R_1206_3216Metric_Pad1.42x1.75mm_HandSolder (layer F.Cu) (tedit 5B301BBD) (tstamp 5C56199F)
    (at 75.175001 -106.384999)
    (descr "Resistor SMD 1206 (3216 Metric), square (rectangular) end terminal, IPC_7351 nominal with elongated pad for handsoldering. (Body size source: http://www.tortai-tech.com/upload/download/2011102023233369053.pdf), generated with kicad-footprint-generator")
    (tags "resistor handsolder")
    (path /5C8CA35B)
    (attr smd)
    (fp_text reference R1 (at 0 -1.82) (layer F.SilkS)
      (effects (font (size 1 1) (thickness 0.15)))
    )
    (fp_text value 10K (at 0 1.82) (layer F.Fab)
      (effects (font (size 1 1) (thickness 0.15)))
    )
    (fp_line (start -1.6 0.8) (end -1.6 -0.8) (layer F.Fab) (width 0.1))
    (fp_line (start -1.6 -0.8) (end 1.6 -0.8) (layer F.Fab) (width 0.1))
    (fp_line (start 1.6 -0.8) (end 1.6 0.8) (layer F.Fab) (width 0.1))
    (fp_line (start 1.6 0.8) (end -1.6 0.8) (layer F.Fab) (width 0.1))
    (fp_line (start -0.602064 -0.91) (end 0.602064 -0.91) (layer F.SilkS) (width 0.12))
    (fp_line (start -0.602064 0.91) (end 0.602064 0.91) (layer F.SilkS) (width 0.12))
    (fp_line (start -2.45 1.12) (end -2.45 -1.12) (layer F.CrtYd) (width 0.05))
    (fp_line (start -2.45 -1.12) (end 2.45 -1.12) (layer F.CrtYd) (width 0.05))
    (fp_line (start 2.45 -1.12) (end 2.45 1.12) (layer F.CrtYd) (width 0.05))
    (fp_line (start 2.45 1.12) (end -2.45 1.12) (layer F.CrtYd) (width 0.05))
    (fp_text user %R (at 0 0) (layer F.Fab)
      (effects (font (size 0.8 0.8) (thickness 0.12)))
    )
    (pad 1 smd roundrect (at -1.4875 0) (size 1.425 1.75) (layers F.Cu F.Paste F.Mask) (roundrect_rratio 0.175439)
